rot:
  max: 179.2384730239813
  mean: 152.40105772890988
  median: 150.20439831847906
  min: 134.7006755584518
  num_samples: 816
  rmse: 152.76112171694282
  std: 10.482266516746272
scale:
  max: 115.90737806338049
  mean: 18.602590887235788
  median: 11.679520015071336
  min: 0.09223840915613124
  num_samples: 816
  rmse: 30.118536980515632
  std: 23.6869137316118
trans:
  max: 4.2746369553811
  mean: 2.057488271428736
  median: 2.0075721827773805
  min: 0.4511099918697088
  num_samples: 816
  rmse: 2.216851531502083
  std: 0.82533188818579
