# General sensor definitions.
sensor_type: camera
comment: cam0 (PAL)

# Sensor extrinsics wrt. the body-frame.
T_BS:
  cols: 4
  rows: 4
  data: [0.0, -1.0, 0.0, 0.26,
         1.0, 0.0, 0.0, 0.0,
         0.0, 0.0, 1.0, -0.02,
         0.0, 0.0, 0.0, 1.0]

# Camera specific definitions. TAKEN FROM /camera/camera_info TOPIC IN sparus_camera.bag
rate_hz: 4
resolution: [384, 288]
camera_model: pinhole
intrinsics: [405.6384738851233, 405.588335378204, 189.9054317917407, 139.9149578253755] #fu, fv, cu, cv
distortion_model: plumb_bob
distortion_coefficients: [-0.3670656233416921, 0.203001968694465, 0.003336917744124004, -0.000487426354679637]

